name rp rpe p pe mstar mstarep mstarem rstar rstarep rstarem
Kepler-10b 	     1.473    0.026 	  0.83749026 (29) 	  0.920  -0.020   +0.010  	  1.0662  -0.0075   +0.0069                   
Kepler-10c 	     2.323    0.028 	  45.294292 (97) 	  0.920  -0.020   +0.010  	  1.0662  -0.0075   +0.0069                   
Kepler-23b  	 1.694    0.076 	  7.106995 (73) 	  1.078  -0.077   +0.077  	  1.548  -0.048   +0.048  	                 
Kepler-23c  	 3.12    0.10 	     10.742434 (39) 	  1.078  -0.077   +0.077  	  1.548  -0.048   +0.048  	                 
Kepler-23d  	 2.235    0.088 	  15.27429 (17) 	  1.078  -0.077   +0.077  	  1.548  -0.048   +0.048  	                 
Kepler-25b  	 2.702    0.037 	  6.2385369 (33) 	  1.160  -0.050   +0.040  	  1.299  -0.016   +0.015  		             
Kepler-25c  	 5.154    0.060 	  12.7203678 (35) 	  1.160  -0.050   +0.040  	  1.299  -0.016   +0.015  		             
Kepler-37b  	 0.354    0.014 	  13.36805 (38) 	  0.810  -0.010   +0.020  	  0.7725  -0.0063   +0.0051                   
Kepler-37c  	 0.705    0.012 	  21.302071 (92) 	  0.810  -0.010   +0.020  	  0.7725  -0.0063   +0.0051                   
Kepler-37d  	 1.922    0.024 	  39.792232 (54) 	  0.810  -0.010   +0.020  	  0.7725  -0.0063   +0.0051                   
Kepler-65b  	 1.409    0.017 	  2.1549156 (25) 	  1.199  -0.030   +0.030  	  1.401  -0.014   +0.013  		             
Kepler-65c  	 2.571    0.033 	  5.8599408 (23) 	  1.199  -0.030   +0.030  	  1.401  -0.014   +0.013  		             
Kepler-65d  	 1.506    0.040 	  8.131231 (21) 	  1.199  -0.030   +0.030  	  1.401  -0.014   +0.013  		             
Kepler-68b  	 2.354    0.020 	  5.3987533 (13) 	  1.070  -0.020   +0.010  	  1.2379  -0.0051   +0.0067                   
Kepler-68c  	 0.927    0.025 	  9.604979 (45) 	  1.070  -0.020   +0.010  	  1.2379  -0.0051   +0.0067    
Kepler-92b  	 3.65    0.13 	     13.748933 (75) 	  1.209  -0.030   +0.020  	  1.719  -0.013   +0.011  		  
Kepler-92c  	 2.455    0.053 	  26.72311 (19) 	  1.209  -0.030   +0.020  	  1.719  -0.013   +0.011  		  
Kepler-92d  	 2.067    0.056 	  49.3568 (24) 		  1.209  -0.030   +0.020  	  1.719  -0.013   +0.011  		  
Kepler-100b 	 1.305    0.030 	  6.887037 (47) 	  1.109  -0.020   +0.020  	  1.5131  -0.011   +0.0093  		  
Kepler-100c 	 2.221    0.022 	  12.815909 (26) 	  1.109  -0.020   +0.020  	  1.5131  -0.011   +0.0093  		  
Kepler-100d 	 1.514    0.034 	  35.33313 (43) 	  1.109  -0.020   +0.020  	  1.5131  -0.011   +0.0093  	  
Kepler-103b 	 3.476    0.039 	  15.965316 (18) 	  1.099  -0.030   +0.019  	  1.455  -0.013   +0.024  		  
Kepler-103c 	 5.319    0.052 	  179.6133 (47) 	  1.099  -0.030   +0.019  	  1.450  -0.009   +0.009  		  
Kepler-107b 	 1.581    0.056 	  3.180026 (12) 	  1.142  -0.068   +0.068  	  1.411  -0.047   +0.047    
Kepler-107c 	 1.664    0.065 	  4.901441 (30) 	  1.142  -0.068   +0.068  	  1.411  -0.047   +0.047    
Kepler-107d 	 1.064    0.062 	  7.95825 (11) 		  1.142  -0.068   +0.068  	  1.411  -0.047   +0.047  	  
Kepler-107e 	 2.92    0.10 	     14.749176 (34) 	  1.142  -0.068   +0.068  	  1.411  -0.047   +0.047  	  
Kepler-108b 	 9.56    0.53 	     49.18354 (18) 	      1.377  -0.089   +0.089  	  2.19  -0.12   +0.12  		  
Kepler-108c 	 8.23    0.47     	  190.3214  (n/a)	  1.377  -0.089   +0.089  	  2.19  -0.12   +0.12  		  
Kepler-109b 	 2.338    0.034 	  6.4816370 (80) 	  1.069  -0.040   +0.040  	  1.339  -0.015   +0.017  		  
Kepler-109c 	 2.634    0.043 	  21.222620 (30) 	  1.069  -0.040   +0.040  	  1.339  -0.015   +0.017  		  
Kepler-126b 	 1.439    0.020 	  10.495634 (30) 	  1.148  -0.049   +0.051  	  1.345  -0.018   +0.015  	  
Kepler-126c 	 1.498    0.062 	  21.86964 (10) 	  1.148  -0.049   +0.051  	  1.345  -0.018   +0.015  	  
Kepler-126d 	 2.513    0.031 	  100.28208 (41) 	  1.148  -0.049   +0.051  	  1.345  -0.018   +0.015  	  
Kepler-127b 	 1.52    0.13     	  14.43577 (10) 	  1.240  -0.086   +0.086  	  1.359  -0.035   +0.035  	  
Kepler-127c 	 2.389    0.067 	  29.39344 (17) 	  1.240  -0.086   +0.086  	  1.359  -0.035   +0.035  	  
Kepler-127d 	 2.668    0.084 	  48.62997 (57) 	  1.240  -0.086   +0.086  	  1.359  -0.035   +0.035  	  
Kepler-129b 	 2.409    0.040 	  15.791619 (53) 	  1.159  -0.030   +0.030  	  1.649  -0.014   +0.012  		  
Kepler-129c 	 2.522    0.066 	  82.1908  (n/a)	  1.159  -0.030   +0.030  	  1.649  -0.014   +0.012  		  
Kepler-130b 	 0.976    0.045 	  8.45725 (11) 		  0.934  -0.059   +0.059  	  1.127  -0.033   +0.033  	  
Kepler-130c 	 2.811    0.084 	  27.508686 (37) 	  0.934  -0.059   +0.059  	  1.127  -0.033   +0.033  	  
Kepler-130d 	 1.31    0.13     	  87.5211 (24) 		  0.934  -0.059   +0.059  	  1.127  -0.033   +0.033  	  
Kepler-145b 	 2.56    0.28     	  22.95102 (23) 	  1.419  -0.030   +0.030  	  1.887  -0.014   +0.012  		  
Kepler-145c 	 3.92    0.11     	  42.88254 (15) 	  1.419  -0.030   +0.030  	  1.887  -0.014   +0.012  		  
Kepler-197b 	 1.064    0.038 	  5.599293 (39) 	  0.922  -0.059   +0.059  	  1.120  -0.033   +0.033  	  
Kepler-197c 	 1.208    0.048 	  10.349711 (54) 	  0.922  -0.059   +0.059  	  1.120  -0.033   +0.033  	  
Kepler-197d 	 1.244    0.049 	  15.67787 (13) 	  0.922  -0.059   +0.059  	  1.120  -0.033   +0.033  	  
Kepler-197e 	 0.983    0.048 	  25.2097 (14) 		  0.922  -0.059   +0.059  	  1.120  -0.033   +0.033  	  
Kepler-278b 	 4.59    0.26     	  30.15856 (91) 	  1.298  -0.076   +0.076  	  2.935  -0.066   +0.066  	  
Kepler-278c 	 3.31    0.12     	  51.0851 (35) 		  1.298  -0.076   +0.076  	  2.935  -0.066   +0.066  	  
Kepler-338b 	 2.58    0.13     	  13.72699 (47) 	  1.142  -0.084   +0.084  	  1.735  -0.082   +0.082  	  
Kepler-338c 	 2.48    0.14     	  24.31168 (87) 	  1.142  -0.084   +0.084  	  1.735  -0.082   +0.082  	  
Kepler-338d 	 2.66    0.15     	  44.4287 (16) 		  1.142  -0.084   +0.084  	  1.735  -0.082   +0.082  	  
Kepler-338e 	 1.587    0.083 	  9.34149 (40) 		  1.142  -0.084   +0.084  	  1.735  -0.082   +0.082  	  
Kepler-444b    	 0.381    0.021 	  3.600125 (28) 	  0.740  -0.010   +0.010  	  0.7492  -0.0040   +0.0046    
Kepler-444c 	 0.490    0.024 	  4.545817 (44) 	  0.740  -0.010   +0.010  	  0.7492  -0.0040   +0.0046    
Kepler-444d  	 0.530    0.025 	  6.189512 (54) 	  0.740  -0.010   +0.010  	  0.7492  -0.0040   +0.0046    
Kepler-444e  	 0.533    0.019 	  7.74350 (10) 		  0.740  -0.010   +0.010  	  0.7492  -0.0040   +0.0046    
Kepler-444f  	 0.679    0.008 	  9.740529 (36) 	  0.740  -0.010   +0.010  	  0.7492  -0.0040   +0.0046    	   
Kepler-449b 	 2.056    0.069 	  12.58242 (27) 	  0.969  -0.053   +0.053  	  1.467  -0.033   +0.033  	  
Kepler-449c 	 2.764    0.086 	  33.6727 (10) 		  0.969  -0.053   +0.053  	  1.467  -0.033   +0.033  	  
Kepler-450b    	 6.14    0.33 	      28.454851 (25) 	  1.346  -0.084   +0.084  	  1.570  -0.085   +0.085  	  
Kepler-450c    	 2.62    0.14  	  15.413135 (85) 	  1.346  -0.084   +0.084  	  1.570  -0.085   +0.085  	  
Kepler-450d    	 0.837    0.068 	  7.51464 (23) 		  1.346  -0.084   +0.084  	  1.570  -0.085   +0.085  	  
KOI-5b       	 7.87    0.14    	  4.78032767 (84) 	  1.199  -0.030   +0.020  	  1.795  -0.014   +0.015  	  
KOI-5c       	 0.642    0.061 	  7.05174 (13) 		  1.199  -0.030   +0.020  	  1.795  -0.014   +0.015  	  
TrES-2 	     13.21    0.28 	   2.47061340 (2)      	  0.97  +0.08   -0.08  	  0.96  +0.02   -0.02  	  
HAT-P-7 	 16.88    0.26 	   2.20473543 (3)      	  1.55  +0.10   -0.10  	  1.99  +0.03   -0.03  	  
HAT-P-11 	 4.887    0.065 	   4.88780240 (15)   	  0.86  +0.06   -0.06  	  0.76  +0.01   -0.01  	  
Kepler-4 	 4.22    0.12    	   3.21367134 (91)     	  1.09  +0.07   -0.07  	  1.55  +0.04   -0.04  	  
Kepler-410 	 2.786    0.045 	  17.833613 (47)      	  1.22  +0.07   -0.07  	  1.35  +0.02   -0.02  	  
Kepler-93 	 1.477    0.033 	   4.72673930 (86)     	  0.89  +0.07   -0.07  	  0.91  +0.02   -0.02  	  
K00075.01 	 10.72    0.29      105.88162 (75)      	  1.32  +0.07   -0.07  	  2.58  +0.07   -0.07  	  
Kepler-22 	 1.806    0.029     289.8655 (19)       	  0.85  +0.05   -0.05  	  0.83  +0.01   -0.01  	  
K00092.01 	 3.00    0.13 	      65.70453 (17)       	  1.08  +0.11   -0.11  	  1.05  +0.03   -0.03  	  
Kepler-7 	 17.68    0.36 	   4.8854862 (12)    	  1.28  +0.07   -0.07  	  1.97  +0.04   -0.04  	  
Kepler-14 	 12.87    0.26 	   6.7901237 (20)   	  1.34  +0.08   -0.08  	  2.02  +0.04   -0.04  	  
Kepler-464 	 3.44    0.10  	   7.257038 (45)       	  1.2  +0.08   -0.08  	  1.6  +0.04   -0.04  	   
Kepler-467 	 2.26    0.09  	  24.99337 (21)        	  1.01  +0.07   -0.07  	  1.36  +0.04   -0.04  	   
Kepler-95 	 3.290    0.094 	  11.5230844 (97)      	  1.12  +0.08   -0.08  	  1.45  +0.04   -0.04  	   
Kepler-506 	 3.088    0.082 	   6.8834081 (26)     	  1.23  +0.1   -0.1  	  1.2  +0.03   -0.03  	   
Kepler-96 	 2.647    0.088 	  16.2384819 (93)      	  1.03  +0.1   -0.1  	  0.94  +0.03   -0.03  	   
K00268.01 	 3.043    0.076     110.38099648 (n/a) 	  1.2  +0.07   -0.07  	  1.36  +0.03   -0.03  	   
K00269.01 	 1.549    0.047 	  18.01181 (12)        	  1.33  +0.08   -0.08  	  1.45  +0.02   -0.02  	   
Kepler-454 	 2.38    0.094 	  10.573754 (12)    	  1.15  +0.11   -0.11  	  1.1  +0.03   -0.03  	   
Kepler-509 	 2.67    0.20  	  41.746009 (97)       	  1.05  +0.07   -0.07  	  1.19  +0.02   -0.02  	   
K00280.01 	 2.190    0.068 	  11.872877 (11)       	  1.03  +0.09   -0.09  	  1.04  +0.02   -0.02  	   
Kepler-510 	 2.350    0.077 	  19.556464 (62)      	  0.81  +0.11   -0.11  	  1.38  +0.04   -0.04  	   
K00288.01 	 3.208    0.055 	  10.275375 (31)       	  1.41  +0.08   -0.08  	  2.09  +0.03   -0.03  	   
K00319.01 	 10.36    0.25 	  46.15113 (37)     	  1.29  +0.06   -0.06  	  2.08  +0.04   -0.04  	   
K00367.01 	 4.72    0.15   	  31.578671 (12)       	  1.11  +0.09   -0.09  	  1.03  +0.03   -0.03  	   
Kepler-540 	 2.947    0.064     172.70681 (75)     	  0.88  +0.06   -0.06  	  1.15  +0.02   -0.02  	   
Kepler-643 	 11.29    0.78 	  16.338888 (59)   	      1.27  +0.22   -0.22  	  2.78  +0.19   -0.19  	   
K00974.01 	 2.601    0.060 	  53.50593 (20)        	  1.21  +0.08   -0.08  	  1.85  +0.04   -0.04  	   
Kepler-21 	 1.707    0.043 	   2.7858219 (84)      	  1.27  +0.08   -0.08  	  1.85  +0.03   -0.03  	   
Kepler-805 	 2.611    0.095 	  30.8633 (10)        	  1.08  +0.07   -0.07  	  1.59  +0.03   -0.03  	   
Kepler-432 	 14.7    2.1   	  52.5019 (11)         	  1.69  +0.6   -0.6  	  4.51  +0.63   -0.63  	   
Kepler-815 	 4.98    0.60  	   8.57522 (22)        	  1.69  +0.5   -0.5  	  3.88  +0.43   -0.43  	   
Kepler-407 	 1.141    0.041 	   0.6693127 (20) 	      1.02  +0.07   -0.07  	  1.02  +0.02   -0.02  	   
Kepler-408 	 0.689    0.017 	   2.465024 (17) 	      1.02  +0.07   -0.07  	  1.21  +0.02   -0.02  	   
Kepler-907 	 1.403    0.081 	  15.86631 (51) 	      0.99  +0.08   -0.08  	  1.34  +0.03   -0.03  	   
Kepler-910 	 0.828    0.049 	   2.364388 (32) 	      1.29  +0.09   -0.09  	  1.5  +0.03   -0.03  	   
Kepler-911 	 2.44    0.11  	  20.30895 (73)        	  1.22  +0.08   -0.08  	  1.93  +0.04   -0.04  	   
Kepler-997 	 1.304    0.072 	   2.707295 (36)          1.09  +0.18   -0.18  	  1.48  +0.07   -0.07  	   
Kepler-1002  1.609    0.046 	   4.336422 (31)      	  1.18  +0.07   -0.07  	  1.54  +0.02   -0.02  	   
Kepler-409 	 1.148    0.048 	  68.95825 (29)       	  0.95  +0.08   -0.08  	  0.9  +0.02   -0.02  	   
K01962.01 	 2.51    0.14   	  32.85861 (58)        	  1.04  +0.07   -0.07  	  1.5  +0.04   -0.04  	   
K01964.01 	 0.668    0.029 	   2.2293226 (85)      	  0.93  +0.11   -0.11  	  0.88  +0.03   -0.03  	   
Kepler-1219  3.42    0.37  	  16.1046 (12)         	  1.38  +0.5   -0.5  	  2.68  +0.25   -0.25  	   
K02462.01 	 1.491    0.083 	  12.14533 (70)           1.19  +0.1   -0.1  	  1.71  +0.04   -0.04  	   
Kepler-1274  1.441    0.071 	   6.98156 (21) 	       1.38  +0.07   -0.07  	  2.16  +0.04   -0.04  	   
Kepler-1298  1.588    0.089 	   7.12836 (47) 	       1.37  +0.17   -0.17  	  2.16  +0.07   -0.07  	   
K02706.01 	 1.797    0.082 	   3.097597 (22) 	       1.26  +0.18   -0.18  	  1.86  +0.08   -0.08  	   
Kepler-1392  0.684    0.052 	   2.128229 (24) 	      0.99  +0.15   -0.15  	  1.3  +0.06   -0.06  	   
K02801.01 	 0.870    0.061 	   6.99180 (16) 	    1.12  +0.17   -0.17  	  1.45  +0.06   -0.06  	   
Kepler-1394  1.04    0.11  	   3.93800 (32) 	    1.51  +0.21   -0.21  	  1.98  +0.08   -0.08  	   
K03168.01 	 0.988    0.076 	  56.382 (45)            1.03  +0.16   -0.16  	  1.55  +0.07   -0.07  	   
